5561
858326808
498955414
320711539
695617348
377726900
971363214
595444580
202950780
648671715
30573668
4628
90687
46737
95361
55900
41729
47662
20922
20480
47124
55917
16000
37256
19347
11555
87227
76594
48225
10793
98600
94642
31791
88250
63764
54353
23442
57458
42632
14770
8654
14717
39895
52875
57595
70871
12326
83556
13652
43596
77256
56416
6630
36493
73493
73352
60233
58755
65627
36476
16068
17004
94607
84330
27360
97049
46926
22467
93011
11701
55100
81514
86121
15804
3640
38862
35802
28076
45728
58580
39403
58615
18872
85759
72413
53914
97670
22410
43764
97540
40578
96896
71724
41965
81385
98600
46297
67151
87908
62604
51885
15832
24341
45710
69011
60909
37236
29843
75499
82960
42642
84075
75273
9519
71207
70676
63876
92510
83869
69672
98278
78439
2626
54907
83203
73625
9274
45190
50472
39806
12414
68547
80792
89269
74355
40606
78052
11427
59
29935
11341
85335
17840
72502
30524
59216
69959
96591
756
19206
15695
77690
62551
71575
21206
71076
44498
73582
70615
52687
62142
15961
98210
30916
12969
69903
54068
51241
68517
20712
57458
73219
50786
46918
35047
58974
85198
98087
33365
5212
89796
73292
47451
24841
25582
78878
4204
69477
18403
3239
8676
63486
63946
30920
28917
28754
23260
15869
83192
83377
38954
82935
85435
58699
66622
10927
53243
15307
80192
97270
73445
47173
69299
26912
13389
80768
87421
67075
69235
84329
71713
45276
13619
7383
80511
13600
33927
95408
93460
13584
82311
17134
75079
32384
76328
89361
20060
59792
97980
95860
98529
11743
63407
32077
9006
41860
43160
94703
72464
69442
9327
29759
16095
33161
24499
89600
46477
72351
74337
91785
59686
81199
5826
30652
56881
7321
15458
3827
12727
51582
85723
53002
67222
53446
98649
86435
31837
85441
39777
18214
84501
5930
83736
90456
26976
48059
69897
36378
44122
42923
35940
56915
87142
19670
40735
66716
30879
78170
88915
28019
75292
16633
31768
17244
98389
26031
27537
20298
58505
60719
1551
38843
57837
47248
70718
25112
5033
11023
76105
15228
46114
62638
48100
2524
9486
31202
88180
9175
4096
32744
87295
33044
14450
94190
71905
95600
29083
29906
35168
86995
10918
68290
8978
53690
22483
51789
5613
974
67619
62955
29520
69213
21687
81798
98584
68808
24642
24796
25163
4700
44326
23790
42984
87756
53159
21839
23125
70134
2596
41145
56364
73415
15505
55436
81010
99759
92142
36553
57570
82181
92412
98845
22197
51179
81100
68614
5102
72433
39586
26430
7822
90724
40891
45215
36960
15574
14364
26051
7443
67564
75711
87674
23363
99526
29482
77869
32482
22901
67276
35206
99920
36431
60029
1899
70725
18390
94321
92804
76364
2653
86156
80977
11089
76384
27500
52926
79145
83409
90845
62856
85161
43753
29145
98872
69871
54869
53703
31914
73719
66076
84625
72641
59095
13223
42436
27583
13313
52963
22277
70798
70753
61466
45670
73055
57398
42082
49248
45936
3382
59654
4777
44598
64860
73635
24754
69817
97789
18683
58095
15223
15062
36937
4477
99309
93741
10087
95090
39179
67366
42181
97292
70890
33222
82331
31347
73534
25865
73886
20371
36434
67301
84196
8607
90780
29578
72870
79253
18465
6663
32926
48077
41412
20296
2408
8078
95043
29485
94376
25503
61498
76181
75745
95026
60701
91908
3680
41094
68027
50042
88816
11630
9671
43309
12023
43992
43804
84640
91911
54220
67768
25131
14736
4594
29960
16534
20900
5376
72061
137
72816
47211
45387
19343
59144
50813
87392
8898
13083
43199
99992
83446
99295
61374
96843
41653
22894
53281
47192
35995
61695
17799
66503
39354
82826
8097
46627
54721
88713
18063
76009
70468
46058
48043
502
37170
99501
51134
17412
38781
35554
81594
39449
35853
55180
84509
47093
95672
23253
82128
84726
54789
4204
73555
87213
88597
22558
1959
4458
76670
61993
73866
22043
55933
65730
86765
44982
1021
89666
5069
43578
66610
90028
88757
61326
79813
44698
98452
46467
21139
82654
50749
34909
54172
91368
31882
65461
33532
54323
4668
5028
15006
40573
79195
58895
84050
7149
61207
34462
10688
21507
52986
66595
18672
56343
50229
34026
36143
66874
62696
50550
11993
62976
38668
23785
24523
89856
18505
99832
92648
76641
65020
32558
10488
80667
83396
26294
23515
80808
27342
81862
86819
75065
9257
43598
61177
62037
78453
30633
71928
96133
18877
3309
23021
80525
63031
70742
25985
16389
83048
49970
39390
457
74004
57276
69299
53173
49174
71649
24506
90408
11959
95645
18299
15261
80243
64134
46649
98044
53540
30623
1703
30661
93356
92194
99139
61203
84276
10053
20031
34503
99537
61708
51921
9752
97186
13640
94734
23521
48122
85992
43735
23564
40184
28405
62765
3566
3114
52894
44346
78732
13818
98923
25904
41423
22983
37729
79334
67308
78646
6865
35718
19482
30017
67183
39267
1562
65289
62191
1654
71939
9754
52258
23357
1946
35493
65452
46994
56345
4599
79603
24308
89850
7188
6205
18223
89971
7035
3764
24029
23203
65555
99088
55221
14841
2424
33504
82151
66766
47576
48209
90515
20798
21070
72712
17275
87911
41225
55029
37917
13999
29694
6858
11116
74923
73249
40315
32276
17617
48882
16876
83447
78272
88468
6393
669682053
673486203
688252613
510502361
43657386
329690104
691455082
787997096
763176344
230376196
404502503
485003185
524333674
799734060
826485972
545301118
713015792
279348304
52093659
267042373
339698888
28515087
886737998
381598677
95480027
954982744
38527674
506908186
268792052
752576995
257654573
443639315
518227845
630378971
265867731
753306002
545304387
817335114
875585975
468467865
92164308
311423653
367713784
990717306
255578475
310300608
128880553
379705155
726682417
442745909
501040070
922946079
137162106
22851390
89343694
183503990
718423312
91037947
450405375
194025326
244765642
982034151
886174324
102477386
515252261
525480419
356719590
501175109
207671796
70714936
325630798
322055668
777127928
274629847
176265747
214759289
896590804
543850064
162226224
81641257
787970451
555730802
655562746
782324050
761832137
871130926
784166260
222583905
332094892
935903033
742361396
969836176
819365876
734564290
249869420
435604545
998697566
246636470
768678963
117258622
301609159
199368717
286060866
33795883
808054527
986270543
364122688
286354879
457358925
821748981
915635195
214746776
948319166
290901069
359763119
156000043
91844704
733348360
582855446
912899937
77109001
922243558
225297712
678932575
789513819
809293393
467278694
814842102
498715758
561717027
907231593
309133305
614902539
516310069
289454186
141922781
278324411
26416783
146089170
677081920
163622167
20498057
211851374
533883556
897421009
28446129
836538738
967000811
29050169
703502741
90403636
121904509
379994206
744756973
263249084
637305109
127650506
706287953
303522196
316253854
126305611
287371398
826197095
874269726
601337460
395602296
812012978
595348275
820403108
146986076
56243189
932061222
886500375
394688522
817725673
866805192
199889389
872632973
796417661
86984391
859500280
915125007
971300835
407466550
498649250
407875821
614799640
931335683
674442538
755474619
118487420
593133056
72523661
101844167
674827168
591643688
656084898
484538412
609707915
79427795
893266030
266782336
144482273
557201927
263366264
564320648
163940582
417972313
988358424
505955004
761418122
366830098
64140060
904241682
788664536
524845917
330364720
543858311
635720445
384215989
345377307
591995796
768624108
75103309
560832176
957674160
762117017
591675321
512951783
265685081
505457213
854392467
476164457
659415544
943784621
937936019
316167360
155773712
750819658
813263950
138694814
595072570
662428438
223436239
876775428
953841124
900110849
775598088
982113458
836078391
928261536
64402018
991957575
381851167
442423963
223591461
535121184
528927977
246199876
662416066
679027188
140310234
881238663
610733272
867302432
924753540
639746127
386523519
920091192
12620544
370134299
221158596
576946148
880308416
547168855
2609257
521252176
903479194
750422287
176332314
686522991
718680579
152494253
252199167
762385332
224318037
802001135
55383988
333342705
178347286
846583301
991894096
628950726
346753627
814342291
583141961
48369757
18888819
195999707
622285746
768993673
738805699
724006579
543929063
929265304
426611575
355050137
1185227
422450105
668961093
578921978
978111613
81701597
54572913
508494877
471046542
561524312
264176915
111627051
651812832
734444377
464141700
206392345
30622254
292813560
759862827
682667974
199815080
223004668
89965044
521390394
829171317
594727951
608379864
576568922
130676752
586307302
361523386
592364364
68419357
160536549
594156966
533563075
940367442
617119071
743602814
728372989
310064968
910159436
513652543
210644234
664263260
990678676
914644665
427336674
629241034
344070799
624306445
54354327
70840362
232790118
551575065
678634354
413221152
371566693
99718965
590475509
582507463
994116747
543577497
577992669
126342070
163346565
408918769
291112778
68911262
687628497
268885096
117907408
955426689
555141250
29902006
517579028
555306344
455186849
196091636
952430619
974931872
848921134
698373463
481429613
69798422
539011015
691933188
544161053
430929687
475589085
43916930
144517008
475507775
72912204
778844673
279986
510261402
817313996
947804410
370575038
103303800
748135786
890415258
85545227
610289337
712458124
661569164
902142064
353125671
605288798
616245076
798274049
913466191
201604343
671114018
107029510
565417193
565890684
272205403
212981736
765208109
679871849
705349750
509475605
226909594
304532522
150778607
994951163
52576937
755908496
687833991
487404893
40060163
279164734
786392829
239966498
309501535
871270307
853712285
663983638
623349372
190404177
402637633
337791197
103873801
91093906
417453594
995616199
158445215
376453074
349690251
956390365
281968922
541307217
936500230
941457876
134883162
71525052
32862774
288176540
165037590
254811802
75361042
628267591
648846468
163198785
565480611
2157650
607664681
104148486
169933776
5304168
79981513
462922407
958151824
354738781
120898155
926117110
542184653
541149692
83177869
462784482
421159842
327308141
756402801
191612961
901140948
388931245
114140362
575376873
547239470
290040540
314151985
323109283
985774438
173285690
159008956
186704061
582405825
183952972
643619281
777306424
251776105
246591728
860854919
755823484
299357593
196937651
150563235
886467170
263661367
16178613
245918831
108763112
277289941
341512694
681897974
775272713
715902799
443153810
817933319
615709686
202971433
945793475
137900114
230095863
418424709
40703798
717744951
933415853
413199231
660647766
689300552
404359769
106578616
502400634
909242662
977081341
723097398
665387945
586720952
953959836
593626570
919585828
27848864
323819032
470722269
499755730
673830849
359069896
383172963
943650605
836277009
647713879
476393857
302022414
288596615
12853974
21573788
296563595
912072487
314934112
480892657
716544637
264426616
55876848
940832487
250771219
647042159
520764398
118767294
888510842
690322181
687341829
776879287
768150720
762494364
94834560
748057186
514093951
377954024
372895423
868279033
191806593
874533265
644412048
316151347
203586821
191450779
146625504
302658164
119554539
705601980
749333731
371671686
756061609
754448617
165242181
560027912
283822271
402726810
72037033
526588678
553911124
502710197
685574963
906362565
461746735
749940029
206641361
759389082
477050801
864411026
913767740
336880577
973065431
132479145
34994167
15080117
104072114
681189903
286716217
542604131
84148737
855146320
281768206
27120143
183928645
202945325
450248525
708153181
487794096
471511100
257590681
236003119
208765226
583148488
101780875
585729833
116064575
818618372
599173505
920247827
588481666
734380008
132429133
507418131
526643879
12923330
748700052
103991792
37876641
53552775
135568179
820466281
219952236
4886361
399662647
4421386
651310391
709511355
593978962
814116815
958493259
638646425
650026762
239862517
589687167
443573745
669115148
273812284
862045776
288549665
640700846
675083686
260655145
393362759
490152094
994590117
590642424
117558463
598793332
860208301
191502254
50924154
112268811
875413331
697566911
131255138
683653397
409894256
171147046
557353050
840635851
594732717
314003760
385511493
806855922
354804450
178404097
835822905
354869695
133260884
381548466
546867236
752370572
723930558
515391165
584801997
684166986
297601445
64355901
154496267
630099178
640602909
293487048
973670039
541572167
351026304
645849492
346443290
181858048
227519337
868122218
187055984
436232532
618923620
629258104
238458439
672022559
992288077
274446989
884781237
942155916
284107664
375251636
195825526
192204047
333462255
35617141
321421809
510083542
824719752
39205264
981903597
20648990
920712651
204241532
425664426
275291761
344055762
998815317
524217474
757396020
761971723
228181395
301090086
483575144
511501337
268347376
397219118
865698259
647502541
795293906
727908549
49459188
905668387
898206895
766788772
602489378
513987137
242450228
39971451
729241915
238280458
714018131
439332812
339523106
501823586
767462388
834460213
284719873
921366775
910832493
572477037
273637146
280059071
755947758
167690023
599153044
651586546
697476728
326583086
678377836
283684451
954467358
290339655
167007581
879523881
469660907
506516793
298213927
460434442
486402058
415331238
65699925
167048941
717383154
714259101
718198227
91285419
943508940
82304401
130118347
521153533
349566302
42992047
359594710
22594016
492247277
279372781
584899900
294487584
560455539
566658641
847600232
797335850
699033912
129411324
944500147
23097937
101068403
206749945
366548774
822488993
119667081
936327483
954396193
897889655
972192330
350421763
757654992
44287604
235643852
205945035
626868618
314308556
111334024
808999085
104154916
868682318
224761384
547220390
203971872
275074159
466542351
636975676
641766613
696824083
30452139
785397313
176906048
71771409
616994130
582816217
252630903
335378867
461897993
204598547
725992470
784355467
211323064
134814309
455074325
771713307
375702239
110856258
421561863
623838839
144512029
121443968
452879428
984905056
721879884
801603626
105711441
821489985
266421665
833694231
778322004
36318576
706566827
881265736
373676203
833703797
821157340
749269668
277592631
711769908
627202680
784357085
345530729
974677623
624918732
408503580
529555817
365849452
690479685
67641556
588752689
524584276
650086827
198686091
159377130
837678488
69345919
312992016
539804315
483531275
591189302
587212857
561013714
353107807
631820110
497408563
965584721
869722769
631348200
246601650
448542785
320471210
424632626
12578797
422074942
35495424
546174177
869663223
499032063
704584125
965632194
269164873
267799831
621462151
797547996
901142388
116484567
381032842
443455021
256386705
209938037
726255877
98951888
210103217
316044644
52554076
925490323
830050365
712023688
722403966
750208933
991212797
122327862
530220735
919741377
972881335
143772214
445199032
870853845
516596143
473448223
499685528
756667208
997501885
103275994
384944006
73913505
623539355
376845392
929672687
940312161
678621324
897477905
279494226
639279718
146608400
725628981
77862739
542747416
7525616
192066945
33027395
647969458
17691472
73785397
982015376
378451178
332458267
659180915
50886383
759642339
258009807
496575271
476375102
516730865
49432967
878528938
616768861
750263964
907656441
416988776
671628811
639062538
613884217
778186646
971724019
701174342
225942982
367389954
988559906
138628219
897728640
729270721
356237046
600187504
913482686
382911913
320487286
753997761
785963978
116868266
187538649
953112093
300000882
194571479
208059635
106699816
577341650
535296834
832582671
89322780
413658577
757114340
442262752
975843336
176808698
426399849
321051360
258130448
522000982
810756074
360315576
960238254
349126282
288589643
97340626
729022367
643127228
980867129
781220042
887521932
578550389
14873180
28943000
720583009
30084839
657902468
569501944
474928690
960152815
250743969
520440771
486413280
577977625
968864933
489038585
724693435
442152638
274615831
824257194
72082858
440993841
585218693
641266996
207258635
207541410
944188931
275144758
499164124
88922386
412428765
655016769
654164328
129047878
887485126
832829431
84791319
856273779
921039649
14592767
77471646
44166837
783660698
114583573
933679371
272428246
386917312
528421679
178453339
690405920
488994995
846131100
19949720
132240949
173893099
170411398
368418835
30542002
217926142
81845109
768852781
462521483
405770928
118968980
373457345
605281580
115741018
445079054
766678701
291111196
553168067
588168191
875295052
641092829
312898335
139799081
220606205
254684879
571525835
240881834
519330196
665846068
823958578
774103877
845181236
659546963
452320570
710722520
230872410
102246091
760345338
316172025
467546457
314134247
947697575
882758818
328951769
15232301
90675098
401350195
88665399
699871718
480218760
680199727
811334465
295976936
894480228
293827280
437125493
629315619
133778218
292887988
519658163
821655574
747527669
606670507
292935214
496493752
650538546
870820622
587115387
735294865
594921229
62164815
929465132
448503697
393831779
506079593
135849195
124948582
350775568
162918825
325144496
982826363
209614871
995125860
353703368
692650365
727727684
918548596
651972259
159627562
737131956
296139409
918752727
8455909
556571369
38545486
266526192
710448775
310114469
820898652
562145831
88528940
996922182
182637434
615993710
465668152
283197688
784722136
69597066
624522007
929478831
706734997
616517160
103186712
950448249
50698167
653011822
48013698
61854497
433973730
261429004
913852270
2195259
997724723
316839913
708927107
852119727
219129691
600462769
503930138
854999114
294837606
841843391
606913906
444936067
362643860
14421007
692252532
217693671
942820073
533037399
871893842
858753779
965602755
99555481
167296372
133940842
911657124
87922765
802389446
263932748
5890438
11378482
587914661
506469055
618555678
960350972
93167289
84394730
915922987
142539080
328104796
20278828
650510555
844742665
820511910
926310051
974591055
103293135
808124823
23498535
510784280
609610869
70727093
212062997
368599625
162729108
441883361
356394770
483129928
999721344
52463324
100845259
235021688
754219572
913320430
748886481
210260223
240729165
501360820
964949663
901201023
901920513
481387770
818972895
777926170
862477970
668501751
948092845
330475310
489361253
477417769
450767279
906265745
144306683
708088945
313126821
159280280
567775426
443975110
764656554
641507020
225672917
390957793
329513438
254918323
457060019
109975182
890946562
733225920
703112829
923472961
244855625
199023931
146016682
801952761
792793078
615345269
350769588
489144768
68811626
4648206
934980506
164669698
643602722
345442488
150510848
861512472
340412385
325604803
576272225
155257223
698898494
677791030
184456528
835242939
603439248
297281927
2659015
267665213
506079996
940931482
521683711
25151138
426956540
232080881
19021952
140504440
48708147
942367130
411484079
79476050
278674855
370955068
938981616
781343782
220754411
628931410
776060876
901585428
288871398
7457998
369736100
287089438
493481699
284805581
551670005
388079385
735242868
753700145
27798392
57643006
14209440
874823233
826013820
955916062
184265342
683139498
7678509
77785373
138248729
242437879
961067512
708743254
826746126
863404077
178883565
516711021
464630352
485444123
472436141
511006982
182907079
184421406
853194022
300791632
219823024
140588850
6068310
404101387
980024823
274401533
955536819
471931137
449271640
296058727
328300865
81490480
578358821
530259839
218352
323173072
504265508
494611032
177292450
710094560
256962593
993486473
586762913
384148944
288554090
236736831
84065030
39623436
909297546
428783340
756045617
561457716
897056800
687259216
152494729
495540809
318932780
434942675
411267865
892022583
205742689
740098962
627291019
193437803
671033844
905854397
278349684
864811892
609690590
909073944
142043156
584650190
984686457
26779570
83072646
247271448
799734547
379045172
687454647
38742408
790132955
485467163
703548652
902538651
93171082
955414803
269585104
793270744
698019340
978907646
784527848
651288513
294804932
884173646
71356448
995221414
163894259
257700880
888810989
839062835
982531805
508189107
279912090
965690572
166005686
453015440
673620280
535749292
447307495
642030988
360120161
139767879
425627533
819588979
327490948
558496211
224143011
351536038
424352892
515860021
947204058
122314471
425105813
338032249
408129335
289197570
51291998
887346892
323822918
867909288
716571178
798102255
7319422
261647630
781839096
124801517
947548614
202351848
61502086
815781384
33725572
820873195
303714853
581024982
46704985
404299823
6745832
957905914
816450615
643699390
612213217
363143805
329655086
135067106
382595309
22174897
700483900
739338622
532260585
82278256
841917092
318645482
920474230
445141393
558124351
861133840
752531984
738481319
382075241
681220797
181950013
878471487
844290242
487229010
846087613
748667938
986334819
930909821
119475950
746594419
501446704
649383899
245487530
18947107
244812632
662617448
870653155
2578415
765584726
565497577
277746688
861244465
817358163
53454158
187166204
472098445
439751361
988997553
468582593
131995495
29822482
456021488
425317153
932174131
590782088
712320531
418284032
183896805
134900050
308049066
641581638
312308334
551213030
184006296
628575665
862007038
642842650
194366096
894482702
400704687
710891653
310354570
588358683
295332450
920283723
189824467
20149033
855088612
735139299
603499274
674011142
92491642
324040334
818397219
775555921
295128185
971518747
937113257
392011895
872155449
835927561
815009003
436862814
120402761
802421199
856911570
194225579
989120733
972717333
883907241
757985243
778935091
617953439
897341694
808873450
832938066
642132879
620767975
600823966
275296200
761637730
329182473
917773561
792091547
280067495
785133590
587104530
113031854
342513264
489984288
359659365
642535800
987831815
680524058
861853967
231099411
969868445
741285230
547857987
253788641
775042631
806751904
994255018
828850761
943462484
488539899
631402224
872627214
77463922
285640872
603334811
287374359
491549896
438047840
974887859
287148943
821460368
784472237
652212246
100067805
271520118
734388371
826120463
395838459
930835048
879857288
45350226
530537348
932427099
680675979
794111671
410163614
695722775
328297770
801995659
644477192
781380400
67021477
39418933
562205867
486047188
169883204
595874190
518464117
582632399
713436411
338210006
538389649
898406113
257226829
156639154
827528900
25046112
276346163
627553459
203182584
515825567
923412104
25442103
600410891
13381141
180803103
500982710
527688214
724821451
586575375
480805193
444940951
119463518
258331005
173676733
274070715
579467780
353535746
236211172
961940185
355006549
530872236
629333293
423199374
790637283
395383620
120009337
681445337
930024113
739562255
889857938
882819053
816515088
11329914
466871836
103003119
503374450
739399857
262627105
195993265
958956691
757447709
213902655
436064201
473184015
152038464
397412511
890259532
112308756
542822646
743030830
982328273
365649082
954971169
718614845
915865897
17069037
833692225
616016024
30744057
572891765
133710419
310398333
537644642
663521314
136075260
888010356
6164037
900224149
711701565
112157992
524701554
368290423
350305291
843562147
112443074
909622713
774605657
168662430
866850716
308401239
786651938
200983303
62430983
236534710
926714878
176151439
376516998
192349577
80502860
625434028
588353986
500189519
466725833
509305810
337462931
472347940
862191693
50447671
580940720
629038292
567449991
289798276
849651178
565746233
114843775
931404903
310623985
781025400
451289394
671823819
517644391
3818061
571542894
532229219
617162698
321546652
720051315
17167257
246213645
540334137
648453133
170178655
43206661
698984768
150653470
315421547
630513503
117046390
126680703
916844800
385458810
270051660
243736926
692370902
967165795
842494549
734780646
34778916
273877811
192746125
9147244
131931956
383247869
115579975
601106962
627015494
129482194
196356591
865565371
795717
603465731
522916735
854689037
402935030
828529630
945986518
489822895
473952486
283689424
841827805
704491809
266752543
944416574
983643761
498837392
10275844
282888075
423221436
885840716
708294975
876898567
180177028
628941358
585376600
80145892
922857812
778118652
969878662
750423963
518616593
434905481
602780334
988638326
262049921
29851376
697072393
607862286
572618189
334133564
437892050
903796726
872901668
501873904
643039717
422711649
946024691
999029794
431323410
106171078
585390041
162629399
135748992
340965414
594604334
988329956
626359529
401387876
938790439
50736207
441429457
547765934
639757771
847471012
884149352
402491101
550132520
945278790
776044782
650840648
733523786
120221346
991945062
464939534
702875157
253789565
208037044
135086291
897501382
737996226
895632817
748467094
17442338
957140231
278328960
688821944
830387346
357846319
219701272
541042576
593529736
789879261
271644553
454744401
951291710
131599881
425087752
379801060
324889699
426098124
155072764
672243730
440240324
680760572
259872240
661513176
396612003
257455419
509142768
225625791
488274693
739150988
577228713
981944822
18598758
432745573
294043211
857882352
965678949
634413902
350373109
748454834
210524892
688091292
752125723
371643634
138643558
410706862
512991383
337505811
587217814
842684135
466263763
373924139
731403480
916029107
991224261
170055988
102239614
493691759
615828586
635033650
284561557
468895275
501042253
484566583
780836372
519845084
140932136
716867415
517606832
237915653
682208217
262099514
626302474
916514086
787415202
367004143
209501675
52092278
434331494
739998466
525297287
198545863
791764014
458872787
989304121
987134143
911807583
922385350
552847955
484019075
798562448
373732735
549248238
649073367
981922746
138414165
793974117
898100073
198728770
913779472
214096007
434030014
94234982
669127459
46866585
300484751
201938558
285948131
591464390
722745608
869197899
830298130
22598982
60352041
70575992
398544411
613449325
451782936
209100354
325785181
472933889
108833257
754589650
414393042
921932325
614185015
813231142
486209897
730660628
305452549
437520348
468781413
624631654
666530158
911941832
996020965
937707547
63372740
640054954
605039828
177487051
724472529
572079821
914151832
55223283
289741603
751831295
349106127
233335188
548852570
164228949
870590644
376196465
103524462
264593289
329094198
386590310
575180078
688839794
67206962
767902928
589967805
674008240
106830211
205677963
260949734
721116812
413054388
409564018
498044463
388568763
380986208
133751647
109859316
489480060
183523698
611492139
952419291
101577470
258062314
23444826
253797092
649581089
429944689
816502780
320918166
209164417
260822439
147978560
350194648
625787993
980611216
579598368
788752651
31183138
230867572
743430140
588859720
273414203
464045402
867619107
453265186
840968027
178554189
978836235
578401009
752944722
629611388
742613175
396526845
78230138
343425622
238829731
775100033
201258752
597252864
174901519
671774272
451312715
950603511
124770917
693538310
137039991
758992887
13541921
574747429
825088266
910377424
392198325
94541628
481764846
505921876
606236348
959036325
375088911
910179890
304770160
829442925
536108419
855493170
287221695
786697497
611831107
534193361
175341323
549364593
344091272
3477390
387425587
858812134
471461946
338415271
779294528
788169221
855564516
417724679
161332605
183740911
337118116
747681876
787440600
315245325
832110437
377290622
388715296
699157912
195400649
480657347
121682476
641395125
881704744
41249195
275209926
703670192
103599021
874944488
241161519
377996848
949483817
991742738
449163979
357932256
270340235
148600034
2879603
865760039
519922759
867092434
736889017
326776023
563435212
351083194
255869599
314632254
963298641
72726937
451157891
903609846
33211082
482842108
152033651
422101850
479204687
945997620
826267384
27018618
565591166
244904865
249207743
666222692
64148598
319855378
65887305
646506598
493459869
688641288
274534280
987431144
849570883
701499325
457905484
243888229
891073275
190419816
329443710
980565211
187515722
115252505
683579989
795806147
432148041
221631957
362509486
12700585
962418237
230348408
15507520
132650324
566532849
288031057
488872663
837415287
100329576
25279629
624425260
421571620
556430420
316019582
32613823
225963313
868809692
188634846
37658366
180137445
195919507
417186587
624235439
725715248
87346637
594722763
645992691
482081178
927965480
403042599
187786048
812414743
792247247
928792276
661978815
398235503
587473586
15837202
634314696
227838141
749131272
580169191
271922975
739098698
225878880
43816595
658437885
306041755
590073097
459856747
150479801
89761759
544784133
12939402
168388250
666702864
232528474
255175391
711424748
23501155
195712980
550115726
818014612
375902157
157522772
836512569
198332415
717638488
665862617
717220360
337950894
811729715
640798798
421341106
936251290
933230694
952916083
89809869
570690056
147569837
459194896
959312962
342791643
602117485
945523745
30470878
26375170
613320956
487097848
233641660
898080621
17656571
490347153
722614033
330721420
388189477
16891117
942649189
385889493
830021013
45291530
486251317
599436679
133175403
871960635
511046802
34704906
684944188
72333996
513410922
581289910
541365747
544735446
617497450
274665817
597401241
449887651
315207747
128258221
910916505
431148717
362324596
704048914
262870023
915134006
646047855
712415725
877806139
18848758
428098394
551072882
772717516
20540736
437826760
329888119
908837521
740790180
25180742
640507635
581719690
584920373
71165874
190128423
617812253
34817380
329654977
379514033
764362167
450014489
711220206
525366317
61397007
971510567
417316998
705385576
616689901
938054728
403622401
276401076
916381914
707106660
764840437
379484246
689323776
8831303
612557376
112251833
932853355
329855859
428983064
606591283
712715204
99934909
847169176
327237816
677241015
584472337
484816578
655517854
724662595
240080581
933214712
566675856
384109203
836380869
258504953
737885306
924896772
605888160
266574351
104705877
890677132
711636489
978518537
197324677
981871568
651947044
787681371
82559413
95685844
540036061
214247536
236767116
770129897
59630780
250413979
779802134
909356724
590256624
767494660
35031607
616524647
577141687
431590635
404879049
811288266
716288967
97530067
438748588
459980124
229386336
213109064
334809437
926575855
543182927
222129231
650710881
66025051
189249590
58490055
522513880
137113858
689450173
631035198
242619768
708166788
792091030
914861572
857604377
955859712
377297606
865208606
51986513
324579778
964483081
25940528
484054350
460183485
761602494
426999089
901759051
357589488
970129810
126731034
441972373
709897847
170784177
451545753
570092979
380162573
634765494
999236604
591638803
41280702
633597581
945674535
136534462
376639488
451246312
988501056
599611818
408058187
424604234
927967834
570702023
678766062
192541112
563763233
804454861
132941490
833581092
768530696
33083536
491122910
962609352
162991650
993861094
416324179
805397398
510759039
161829117
540943992
8493063
676268967
22034951
66660801
889541176
245743241
387759415
906891897
747669580
567901154
509178336
684962331
582979767
834908406
2988733
86431867
782765191
929519895
346950839
57531006
696184209
408384739
140158831
293971182
877163822
441531457
78549496
444375559
219545143
539006618
715047946
890852942
787524209
361205043
259027495
333444667
321264818
311197400
123277808
26602342
285689283
253290838
146951225
834676943
919366204
994286625
502871250
214545245
572589686
586998460
791738607
210504076
310595943
149317682
62364886
692131288
171863389
626895486
908999874
407252849
190296374
718196814
663579496
44528865
393848311
409708320
656046080
956366302
296313429
651882949
682950422
782444757
525044699
76874854
211327465
521493337
916420484
570123234
631600864
258017617
225907557
811401148
265485268
216123089
596428402
20318876
918122436
188395324
337181361
239478022
252600544
957011980
81093606
592855256
808826717
77608799
582763962
843627848
191549500
282785726
393464879
503118865
858812860
832813234
540802936
957607156
236410377
572935329
313883948
504706950
88619594
256322516
429823710
904621381
25652167
355109174
499905800
27758223
794830866
846986621
705013387
842782854
359860678
810993115
870941925
288239227
204378662
450408431
315046781
211062839
891288683
680879758
762396319
326413883
700598711
834528310
822024029
164826505
587033875
954368735
101567440
980850334
689599626
167101110
947304273
564004896
253046413
955304675
247499550
915236871
908007525
585125276
490388567
518818095
659736275
159464968
638235753
314140286
712137627
888293107
332086999
62994772
713933688
608389014
610959993
589561358
807426219
177293683
788765673
14816914
809727670
158843730
358510176
916483617
201547935
476733900
394692698
394176600
62563499
134515025
501160343
644035781
581510253
461852300
574903665
79575122
476271070
981118714
294464646
379478716
281081379
670735397
562994906
428291437
650393264
281448339
735415265
768825952
434727512
688589922
659381343
363981933
270060646
437921545
259195561
704551404
180494478
865094858
903870676
485143198
930714811
890209602
470459903
282544031
828162772
18676040
937718624
92935888
391872395
787058861
76578319
891327795
243342174
860245092
47527815
88552419
283394704
664506724
844901012
17974127
736079468
377945001
883195044
22068663
482336603
891088707
427319872
661306497
538185210
219761933
957328406
378766489
176185641
193472175
109857370
602485929
247628087
593990427
894324881
610602857
894311246
445372344
845739036
137719103
143812799
646467746
157325178
514500600
898270971
481643437
363276112
615784370
282070112
327128839
997324113
218680390
654522503
786703902
374780828
172940175
376418460
612221632
452122112
705631270
854350202
398614068
44861699
680354990
889055127
864119875
49962464
133340937
749035403
771266822
88031516
353110073
636386090
466727335
591437632
273899791
890118840
762055971
868993522
587999884
423811939
191128892
785431237
405646657
77653987
75021091
752781369
495396942
362193154
874655796
891485187
168171755
494464672
143498651
739804888
812087653
671585418
2983124
798970608
340039098
808708120
212192590
775200311
589198288
408458474
839070488
788735377
744934484
975988658
321925137
846133187
799469491
268432536
495252114
232771984
43483204
489960825
703567176
987315096
765704517
675445086
887593498
440032850
961893385
883725202
983727551
623707963
602440581
171655338
269775281
724518590
809965203
488457281
703726243
678551926
323887806
568438739
437425538
105029647
840527755
571285353
850358900
438735336
700464770
384095511
981186443
547564909
10844118
234125076
765420519
853437338
626731570
430103193
127951530
737545477
420489583
546381067
710621520
855912139
24226041
415366259
314221649
688386901
742384844
649684537
133731928
104536562
769561939
12335903
730104061
292600672
37269
9489
54217
67277
50531
97197
12987
27723
78492
46227
61707
32118
17313
21229
50987
66045
78245
62581
27092
27506
72465
70276
97786
84196
54182
81473
24586
64171
95938
27162
9854
97548
5985
5901
25009
83857
84908
82177
32060
3585
21127
52148
58533
57551
59089
85839
73469
38711
89434
79681
76458
57018
316
87403
93246
85608
25848
42591
76611
82663
57625
19882
21340
78738
27175
87834
59327
13028
57698
20077
54158
12405
76049
7396
33846
1240
43248
11123
23174
32526
82276
8026
85556
76865
21321
57612
40943
1206
75138
47439
56734
2408
75791
5389
38668
42172
9909
5135
41031
20439
23861
96273
79841
50779
22877
89311
26599
68396
98897
88470
97941
31497
87746
58979
63100
42774
2421
3717
31768
14272
79496
30589
63105
68824
33177
37624
69970
79494
92507
53892
14314
85135
41204
2462
38783
73856
38564
93099
61816
83969
85368
17752
73933
79542
11066
71891
65801
25891
90459
50642
24502
24949
52261
82361
8044
19410
16998
11243
82578
35213
62611
83065
79040
85260
72838
20804
94678
23366
42611
74263
1363
94759
62317
71274
24834
36583
54015
80166
92643
84968
95473
82903
90137
4028
8195
90770
9416
2221
11872
4234
61401
74206
55480
98428
27870
67048
58647
8841
44231
28905
81922
13671
56645
39867
12162
16159
5676
30602
48814
88832
87501
42519
38483
4513
37382
33410
44983
61098
78091
99271
32763
84813
84966
11240
4999
15122
89075
13720
21636
54772
18320
78252
1277
3299
79039
50106
27960
34178
63833
87310
89974
99271
11304
59842
76254
59784
76029
47253
27002
23856
99388
4380
82919
54582
83296
89855
64482
46780
45190
20325
12084
13859
75590
18789
28770
11981
8982
18175
5437
57649
51997
88428
13943
14839
66245
21959
80207
5831
98609
24196
70296
99794
47453
83025
29536
39344
40361
51382
53962
24827
13584
67114
75275
62180
18488
66932
40782
34625
17117
67383
69479
64642
45043
69192
55159
52747
57193
9754
40725
37277
60134
23385
16318
80357
49730
26381
17346
28168
29986
96244
60217
60801
84136
93383
18175
30153
13429
38544
69606
74900
65794
4330
8144
12580
79032
84625
55517
94127
11852
6662
52556
26928
38478
29754
15119
41915
61771
29023
33825
55515
86086
45596
56710
15825
67202
66064
39140
32917
24286
1752
10323
8281
83904
8330
45331
61200
38410
33002
94516
81482
2453
69098
51555
79724
99403
43720
67684
73799
56874
52543
46285
94175
90891
45638
8551
63195
19055
21693
13820
92791
86085
8083
15048
15855
76074
87157
2076
31043
39649
22757
46993
27224
81750
94725
68764
15536
47476
26410
88737
28302
16151
74570
4197
54642
88334
77584
89540
43433
58754
1430
84667
18044
13004
26510
67985
83989
56063
86165
80379
92970
26833
56690
72509
91996
63887
5969
35044
22207
70692
88133
75550
82604
98742
20563
99211
75098
17576
31149
49835
13332
94778
30925
93039
43889
45607
86376
37295
98521
98274
43156
5797
76239
39292
51580
21769
31570
91848
45492
5750
32551
27048
15770
97192
63105
42719
1527
60879
20929
12306
14483
80197
5677
36134
37460
41448
62193
72489
85301
70204
25321
51135
21334
63972
34300
95814
39290
28058
77033
62354
35030
98768
12925
75681
43922
60221
23102
50624
84430
25062
78251
88656
12228
57831
29932
91481
84512
42831
18784
43619
80225
38509
88053
82563
42915
31321
50318
21790
16734
33420
9414
84055
38523
24531
18901
67601
35213
46408
15162
46832
91354
41356
38377
74087
48911
14243
63153
85113
25335
42655
53319
71339
52933
70447
3342
30639
16989
34859
17856
31793
88769
32599
17320
16078
79829
56596
47079
30252
79391
52188
11373
33920
77324
70076
1328
73451
29703
43359
23394
37095
89129
92381
15216
81852
26416
88600
41868
18492
8218
37944
66942
3370
98383
59144
92026
34160
35329
20543
93981
83739
14227
31383
49766
50829
66240
14617
74551
1169
14598
58768
1734
55819
24397
23209
4127
46797
32932
78772
32666
12185
55370
2123
74204
53393
23400
38093
91314
69186
10218
24134
66806
21947
86882
24094
99782
63289
28674
52161
41513
1088
62259
19504
21029
90582
92961
86202
2435
11643
36950
1727
2969
55731
44450
53790
7423
75651
43142
75645
54341
68620
35857
95388
14788
8511
20489
57527
68534
39280
59570
25347
68970
52741
26593
43095
66879
53882
63190
74388
87717
69550
21384
87248
61470
56882
53187
97480
52051
97114
16459
43910
67118
33511
97044
82446
48759
30679
48824
88687
57126
55333
60365
88235
76742
48552
58754
8449
26396
81488
43374
40321
13868
63680
41942
36380
97562
97418
22608
42082
90780
24165
93287
92999
38211
47625
56337
61108
69381
78949
90128
46695
47334
16400
81280
67818
44600
52324
37244
67566
64429
86682
78720
62301
40117
95636
67525
57652
12892
30043
39624
92012
70745
58618
75233
8425
25860
16417
9801
14196
84006
24251
35589
32722
97367
48977
37582
53417
58820
98284
69862
35385
80670
37709
52732
77652
60743
94260
86458
90614
2743
370
41107
26141
75147
71783
54735
77375
40489
67904
15953
74750
19526
52767
22123
75005
69940
86926
291
66650
13846
64960
11869
10925
17443
85863
14930
89346
97584
54913
17911
14028
75134
17327
54905
51975
29489
99962
62263
58551
61753
34430
57995
49533
75891
90890
91019
92251
3740
52031
44572
17543
16701
89029
86422
15919
39491
78922
50221
39957
81268
30182
71953
15516
38324
34018
98911
28759
42139
92003
21883
50242
95892
73424
55174
91765
98082
92318
99507
14627
21199
66406
25894
32224
52919
72517
12510
43959
71249
14872
68254
57153
45107
78035
36955
76950
40085
96434
54013
23618
41096
31372
96275
68077
63464
93756
76290
72552
68318
4164
81943
70770
53992
75481
575
83252
51917
47731
30839
76405
80592
70432
34356
26323
72496
11472
21182
40296
62427
87779
48737
80004
69708
52909
76080
40028
25191
83802
33414
65253
17326
26919
92779
80069
40812
5274
99524
67179
41752
24755
82718
91700
28469
79766
26446
56743
62752
68545
7625
62993
42201
94913
92605
65245
80042
42960
50725
71594
47489
30249
75446
36967
84379
76297
76304
54154
676
37655
15447
41950
3741
64863
58822
88689
94579
89003
35871
13991
90691
47123
79732
65083
52451
83099
3676
3639
17684
98016
20343
38086
6982
73761
79062
14556
73437
74565
9424
64728
79429
15172
58876
91444
85640
22479
95470
33950
20777
8804
27541
15855
98480
50547
37626
72540
12470
56225
48241
64527
60201
59610
62690
22499
91891
37805
95481
34926
57107
99763
5526
69677
79432
68449
58324
38371
42709
59998
73586
72576
20724
65096
9006
39587
76074
14975
63801
29348
83274
17489
36560
92713
53625
84137
70494
72892
1872
64884
75375
80593
86831
4074
21951
84373
2202
23151
98487
66531
1571
57826
40413
58606
98807
4336
76813
48321
60134
87683
36132
73236
17908
3107
62853
82960
72352
91608
71887
99328
92163
38524
55409
13391
6410
56721
48011
82956
5863
61917
49203
62338
9964
53209
54528
68897
94706
93711
21279
50983
2950
64394
78830
5759
64322
64882
46102
10193
74680
13196
56751
80309
83668
27580
3602
47208
53127
32458
81525
17488
93569
51533
57664
72758
31283
70735
87552
27115
59362
22857
88760
12448
30538
80103
84582
56445
12111
87232
94802
23632
34785
62529
98467
88553
90542
43107
50476
10999
77481
15643
35045
39079
69043
2330
9125
6639
34264
72952
74805
84996
56
50256
37087
14384
65549
73348
4702
20107
73707
44464
60794
37571
88906
55603
35139
40654
86436
24908
41155
4301
83173
81809
29304
3696
33445
61179
10357
74354
37015
94088
96031
56228
72728
87708
3492
3366
32563
34218
49058
91317
1586
38453
1141
62585
23201
59599
21234
56386
50875
73546
83513
31714
42363
57533
26529
29621
98443
721
88989
65834
45761
75958
87345
7390
95659
45853
3135
58263
24524
27826
30577
15312
41957
19539
96108
69840
30208
2191
23236
4934
3324
13080
53334
45416
22674
34461
64679
69398
16393
68516
13981
65991
65794
20877
639
68770
21876
11919
91240
63459
46543
90359
17607
26254
11183
86480
73923
55510
31371
7653
71662
52256
8987
27635
22233
40234
21664
98326
4657
78387
67571
5595
75456
45933
86630
30722
13540
23726
79844
69780
52216
41587
33183
68862
27782
84498
27229
25911
56015
45116
68205
3643
19179
28671
9842
61139
36729
705
64769
30069
76003
66978
62391
78402
38413
39692
10649
10650
22148
46910
60760
2941
51780
80512
66077
62679
68303
95179
41104
98878
5473
96803
21533
13718
27656
7235
41729
99194
92051
47934
96964
42226
80053
56929
73069
83769
91191
95184
22481
36400
91220
25734
14601
30185
22098
66465
83559
23173
40723
13236
32845
41527
78701
5519
2639
77614
89320
52083
26460
19754
7264
22597
95433
43326
30797
1665
42371
96239
90267
75769
24530
174
24858
25958
77089
97183
91010
66914
5064
86244
62661
78239
94676
34611
29903
74246
80716
9096
25506
77225
8731
55202
12565
33396
92969
29496
23110
57248
35515
62688
45798
67439
98626
16016
36095
5001
79633
88599
73745
33923
72739
98595
91355
91810
55359
99898
99693
52729
42509
502
52738
81969
7898
82947
27287
80897
28537
80451
42700
98402
67462
94509
44024
23387
74641
63363
73253
96193
20842
69174
25343
52148
85978
67191
91127
93269
26749
3853
17118
51194
30361
2239
98166
29560
41200
71328
58702
67659
40908
65985
84614
43744
18411
33382
93460
90539
45783
81292
17084
61694
42538
37847
76172
96689
58160
83838
59911
85523
77053
27886
68272
9694
48814
48639
20512
47704
35207
81725
62378
78293
63825
47028
60912
31084
32479
20087
23371
20982
80777
13015
82579
3532
35210
41846
78605
14758
9544
67899
34251
932
83467
94140
74092
59150
75134
26871
79362
91564
56116
68671
245
81387
43986
60056
18024
91536
97688
33318
47487
57960
56890
55388
28363
91089
31006
99020
51777
43488
15163
85835
75783
36003
88591
52788
26287
41719
17348
26536
89766
22165
97772
11936
32371
27907
67718
17370
51381
40830
24972
84
98634
514
17965
95977
16541
3422
90165
7199
14638
71794
57702
3513
71392
74
72245
25366
10452
27820
9685
4466
89381
74594
99443
8028
24389
5793
69705
16477
1446
90620
31423
6555
81798
42625
50049
75139
82499
47360
3511
54814
13908
76723
56815
7727
50514
6512
71707
78558
6889
15949
24478
97819
59007
24300
76473
78080
75560
51995
79420
64978
11140
9075
20251
38364
84870
52067
23005
59870
82270
98056
73783
61270
49941
55557
68465
11258
99435
16226
91367
23397
77077
55845
60264
23219
63139
90342
47666
40228
2579
13556
77596
21873
76046
74488
95865
62968
74295
81805
34676
8677
18333
46129
78597
23838
86050
14394
20396
61322
34397
72322
19039
37535
95317
18000
48894
65467
24211
80317
45352
78991
98535
60602
38352
62880
30520
57009
10082
25404
82451
54236
66319
71908
74216
84062
12330
23371
71532
78578
95402
83298
4775
5949
86111
28301
72146
58201
5140
87446
34447
84484
36577
81490
71564
14138
33915
30116
55011
8044
88719
84968
59082
76114
12627
16866
4830
66229
86045
44823
22384
71555
30793
91533
16661
28034
55053
18380
18158
38560
97172
26778
8844
9198
23234
13661
33057
80282
52759
34458
23576
6428
5576
1169
11595
39668
21601
34669
9443
92115
85359
52392
77660
62101